244 67 54 255
255 87 34 255
255 152 0 255
255 235 59 255
76 175 80 255
0 229 255 255
33 150 243 255
63 81 181 255
255 255 255 128
DIV: Colors

244 67 54 128
255 87 34 128
255 152 0 128
255 235 59 128
129 199 132 128
127 221 233 128
33 150 243 128
63 81 181 128
255 0 255 0
DIV: Transparent

244 224 200 255
200 235 125 255
138 178 141 255
96 125 139 255
178 169 231 255
224 143 244 255
236 131 173 255
255 154 108 255
255 222 128 255
DIV: Others 1

180 34 34 255
128 0 0 255
190 190 225 255
61 89 171 255
0 36 85 255
139 195 74 255
104 159 56 255
42 87 25 255
0 170 44 255
DIV: Others 2

255 231 186 255
210 180 140 255
218 165 32 255
139 90 0 255
101 90 78 255
139 125 107 255
233 30 99 255
156 39 176 255
106 27 154 255
DIV: Others 3

255 255 255 255
224 224 224 255
192 192 192 255
160 160 160 255
128 128 128 255
96 96 96 255
64 64 64 255
32 32 32 255
0 0 0 255
DIV: Grayscale

190 150 92 255
186 138 67 255
136 101 49 255
116 81 29 255
81 61 30 255
107 66 38 255
121 85 72 255
55 71 79 255
255 48 255 255
DIV: Browns/Others